v -4.8542180000000004 8.0598919999999996 24.055674
v -5.2116889999999998 8.0552209999999995 24.065891000000001
v -5.8069280000000001 8.4666599999999992 23.771975000000001
v -5.2116889999999998 8.0552209999999995 24.065891000000001
v -5.2116889999999998 8.0552209999999995 24.065891000000001
v -4.8542180000000004 8.0598919999999996 24.055674
v -4.7242800000000003 8.3852539999999998 23.800459
v -4.8542180000000004 8.0598919999999996 24.055674
v -5.8069280000000001 8.4666599999999992 23.771975000000001
v -6.0225039999999996 8.1377729999999993 23.898890999999999
v -6.4865180000000002 8.4989989999999995 23.583428999999999
v -6.0225039999999996 8.1377729999999993 23.898890999999999
v -5.2116889999999998 8.0552209999999995 24.065891000000001
v -5.8069280000000001 8.4666599999999992 23.771975000000001
v -6.0225039999999996 8.1377729999999993 23.898890999999999
v -5.8069280000000001 8.4666599999999992 23.771975000000001
v -6.0225039999999996 8.1377729999999993 23.898890999999999
v -6.4865180000000002 8.4989989999999995 23.583428999999999
v -6.9468170000000002 8.6953639999999996 23.317609999999998
v -6.4865180000000002 8.4989989999999995 23.583428999999999
v -4.8542180000000004 8.0598919999999996 24.055674
v -4.7242800000000003 8.3852539999999998 23.800459
v -4.4485739999999998 8.277177 23.779378999999999
v -4.7242800000000003 8.3852539999999998 23.800459
v -4.7242800000000003 8.3852539999999998 23.800459
v -4.4485739999999998 8.277177 23.779378999999999
v -4.1083509999999999 8.1399790000000003 23.66037
v -4.4485739999999998 8.277177 23.779378999999999
v -6.4865180000000002 8.4989989999999995 23.583428999999999
v -6.9468170000000002 8.6953639999999996 23.317609999999998
v -8.3670899999999993 8.2704299999999993 23.094919000000001
v -6.9468170000000002 8.6953639999999996 23.317609999999998
v -4.1083509999999999 8.1399790000000003 23.66037
v -3.956064 7.7966530000000001 23.803267000000002
v -3.7962120000000001 7.9215030000000004 23.517136000000001
v -3.956064 7.7966530000000001 23.803267000000002
v -4.4485739999999998 8.277177 23.779378999999999
v -4.1083509999999999 8.1399790000000003 23.66037
v -3.956064 7.7966530000000001 23.803267000000002
v -4.1083509999999999 8.1399790000000003 23.66037
v -6.9468170000000002 8.6953639999999996 23.317609999999998
v -8.3670899999999993 8.2704299999999993 23.094919000000001
v -8.619764 8.4425059999999998 22.854331999999999
v -8.3670899999999993 8.2704299999999993 23.094919000000001
v -8.3670899999999993 8.2704299999999993 23.094919000000001
v -8.619764 8.4425059999999998 22.854331999999999
v -9.0459669999999992 8.2857409999999998 22.708231000000001
v -8.619764 8.4425059999999998 22.854331999999999
v -3.956064 7.7966530000000001 23.803267000000002
v -3.7962120000000001 7.9215030000000004 23.517136000000001
v -3.3798189999999999 7.1366490000000002 23.582765999999999
v -3.7962120000000001 7.9215030000000004 23.517136000000001
v -8.619764 8.4425059999999998 22.854331999999999
v -9.0459669999999992 8.2857409999999998 22.708231000000001
v -9.3286300000000004 8.2053899999999995 22.498159000000001
v -9.0459669999999992 8.2857409999999998 22.708231000000001
v -3.7962120000000001 7.9215030000000004 23.517136000000001
v -3.3798189999999999 7.1366490000000002 23.582765999999999
v -3.2688039999999998 7.252345 23.221858999999998
v -3.3798189999999999 7.1366490000000002 23.582765999999999
v -9.0459669999999992 8.2857409999999998 22.708231000000001
v -9.3286300000000004 8.2053899999999995 22.498159000000001
v -9.5137859999999996 8.1109670000000005 22.307154000000001
v -9.3286300000000004 8.2053899999999995 22.498159000000001
v -9.3286300000000004 8.2053899999999995 22.498159000000001
v -9.5137859999999996 8.1109670000000005 22.307154000000001
v -9.4196969999999993 8.3507499999999997 22.011945999999998
v -9.5137859999999996 8.1109670000000005 22.307154000000001
v -3.3798189999999999 7.1366490000000002 23.582765999999999
v -3.2688039999999998 7.252345 23.221858999999998
v -3.1059160000000001 6.9849439999999996 22.961500000000001
v -3.2688039999999998 7.252345 23.221858999999998
v -9.5137859999999996 8.1109670000000005 22.307154000000001
v -9.4196969999999993 8.3507499999999997 22.011945999999998
v -9.6400430000000004 8.0374999999999996 21.825634000000001
v -9.4196969999999993 8.3507499999999997 22.011945999999998
v -3.2688039999999998 7.252345 23.221858999999998
v -3.1059160000000001 6.9849439999999996 22.961500000000001
v -2.9451770000000002 6.4703020000000002 22.817409999999999
v -3.1059160000000001 6.9849439999999996 22.961500000000001
v -9.4196969999999993 8.3507499999999997 22.011945999999998
v -9.6400430000000004 8.0374999999999996 21.825634000000001
v -9.363823 8.3940359999999998 21.315664000000002
v -9.6400430000000004 8.0374999999999996 21.825634000000001
v -3.1059160000000001 6.9849439999999996 22.961500000000001
v -2.9451770000000002 6.4703020000000002 22.817409999999999
v -3.0114899999999998 7.0482129999999996 21.910969000000001
v -2.9451770000000002 6.4703020000000002 22.817409999999999
v -9.6400430000000004 8.0374999999999996 21.825634000000001
v -9.363823 8.3940359999999998 21.315664000000002
v -9.4785269999999997 8.0270449999999993 21.079716000000001
v -9.363823 8.3940359999999998 21.315664000000002
v -9.363823 8.3940359999999998 21.315664000000002
v -9.4785269999999997 8.0270449999999993 21.079716000000001
v -9.7841740000000001 7.2170180000000004 20.905093999999998
v -9.4785269999999997 8.0270449999999993 21.079716000000001
v -2.9451770000000002 6.4703020000000002 22.817409999999999
v -3.0114899999999998 7.0482129999999996 21.910969000000001
v -2.8564630000000002 6.2694479999999997 21.490407999999999
v -3.0114899999999998 7.0482129999999996 21.910969000000001
v -9.4785269999999997 8.0270449999999993 21.079716000000001
v -9.7841740000000001 7.2170180000000004 20.905093999999998
v -9.5336649999999992 6.6920999999999999 19.981255999999998
v -9.7841740000000001 7.2170180000000004 20.905093999999998
v -3.0114899999999998 7.0482129999999996 21.910969000000001
v -2.8564630000000002 6.2694479999999997 21.490407999999999
v -2.8279700000000001 5.9403040000000003 21.209434999999999
v -2.8564630000000002 6.2694479999999997 21.490407999999999
v -2.8564630000000002 6.2694479999999997 21.490407999999999
v -2.8279700000000001 5.9403040000000003 21.209434999999999
v -2.901608 5.522246 20.646457999999999
v -2.8279700000000001 5.9403040000000003 21.209434999999999
v -9.7841740000000001 7.2170180000000004 20.905093999999998
v -9.5336649999999992 6.6920999999999999 19.981255999999998
v -9.2596229999999995 6.5441409999999998 19.449541
v -9.5336649999999992 6.6920999999999999 19.981255999999998
v -2.8279700000000001 5.9403040000000003 21.209434999999999
v -2.901608 5.522246 20.646457999999999
v -3.0555720000000002 5.2488299999999999 20.086193000000002
v -2.901608 5.522246 20.646457999999999
v -9.5336649999999992 6.6920999999999999 19.981255999999998
v -9.2596229999999995 6.5441409999999998 19.449541
v -9.0580219999999994 6.2949799999999998 19.100860999999998
v -9.2596229999999995 6.5441409999999998 19.449541
v -2.901608 5.522246 20.646457999999999
v -3.0555720000000002 5.2488299999999999 20.086193000000002
v -3.255862 5.157546 19.527901
v -3.0555720000000002 5.2488299999999999 20.086193000000002
v -9.2596229999999995 6.5441409999999998 19.449541
v -9.0580219999999994 6.2949799999999998 19.100860999999998
v -8.7172780000000003 6.2397309999999999 18.698399999999999
v -9.0580219999999994 6.2949799999999998 19.100860999999998
v -3.255862 5.157546 19.527901
v -3.2539440000000002 4.7446820000000001 19.76202
v -3.436855 4.6639220000000003 19.399159999999998
v -3.2539440000000002 4.7446820000000001 19.76202
v -9.0580219999999994 6.2949799999999998 19.100860999999998
v -8.7172780000000003 6.2397309999999999 18.698399999999999
v -8.3879199999999994 6.2877970000000003 18.35154
v -8.7172780000000003 6.2397309999999999 18.698399999999999
v -3.0555720000000002 5.2488299999999999 20.086193000000002
v -3.255862 5.157546 19.527901
v -3.2539440000000002 4.7446820000000001 19.76202
v -3.255862 5.157546 19.527901
v -3.2539440000000002 4.7446820000000001 19.76202
v -3.436855 4.6639220000000003 19.399159999999998
v -3.5881259999999999 4.4525139999999999 19.343972999999998
v -3.436855 4.6639220000000003 19.399159999999998
v -3.436855 4.6639220000000003 19.399159999999998
v -3.5881259999999999 4.4525139999999999 19.343972999999998
v -3.8446220000000002 4.5114799999999997 18.713448
v -3.5881259999999999 4.4525139999999999 19.343972999999998
v -8.7172780000000003 6.2397309999999999 18.698399999999999
v -8.3879199999999994 6.2877970000000003 18.35154
v -8.6088539999999991 5.5766720000000003 18.419525
v -8.3879199999999994 6.2877970000000003 18.35154
v -8.3879199999999994 6.2877970000000003 18.35154
v -8.6088539999999991 5.5766720000000003 18.419525
v -8.5335260000000002 5.1916060000000002 18.338932
v -8.6088539999999991 5.5766720000000003 18.419525
v -8.6088539999999991 5.5766720000000003 18.419525
v -8.5335260000000002 5.1916060000000002 18.338932
v -8.0899750000000008 5.1895689999999997 17.953572999999999
v -8.5335260000000002 5.1916060000000002 18.338932
v -3.8446220000000002 4.5114799999999997 18.713448
v -3.9919410000000002 4.3125749999999998 18.831164999999999
v -4.1871309999999999 4.2532129999999997 18.651575000000001
v -3.9919410000000002 4.3125749999999998 18.831164999999999
v -3.5881259999999999 4.4525139999999999 19.343972999999998
v -3.8446220000000002 4.5114799999999997 18.713448
v -3.9919410000000002 4.3125749999999998 18.831164999999999
v -3.8446220000000002 4.5114799999999997 18.713448
v -3.9919410000000002 4.3125749999999998 18.831164999999999
v -4.1871309999999999 4.2532129999999997 18.651575000000001
v -4.4875249999999998 4.249822 18.30331
v -4.1871309999999999 4.2532129999999997 18.651575000000001
v -8.5335260000000002 5.1916060000000002 18.338932
v -8.0899750000000008 5.1895689999999997 17.953572999999999
v -7.7571580000000004 4.8823489999999996 17.807365000000001
v -8.0899750000000008 5.1895689999999997 17.953572999999999
v -8.0899750000000008 5.1895689999999997 17.953572999999999
v -7.7571580000000004 4.8823489999999996 17.807365000000001
v -7.3058839999999998 4.8917130000000002 17.379225000000002
v -7.7571580000000004 4.8823489999999996 17.807365000000001
v -4.1871309999999999 4.2532129999999997 18.651575000000001
v -4.4875249999999998 4.249822 18.30331
v -4.8258979999999996 4.3950329999999997 17.719995000000001
v -4.4875249999999998 4.249822 18.30331
v -5.9764460000000001 4.2294749999999999 17.828171000000001
v -5.1867369999999999 4.1642279999999996 18.187265
v -4.8258979999999996 4.3950329999999997 17.719995000000001
v -5.1867369999999999 4.1642279999999996 18.187265
v -6.466386 4.3358449999999999 17.628073000000001
v -6.9787819999999998 4.4003909999999999 17.776838000000001
v -6.9903420000000001 4.720834 17.325191
v -6.9787819999999998 4.4003909999999999 17.776838000000001
v -5.1867369999999999 4.1642279999999996 18.187265
v -5.9764460000000001 4.2294749999999999 17.828171000000001
v -6.466386 4.3358449999999999 17.628073000000001
v -5.9764460000000001 4.2294749999999999 17.828171000000001
v -6.9787819999999998 4.4003909999999999 17.776838000000001
v -6.466386 4.3358449999999999 17.628073000000001
v -5.9764460000000001 4.2294749999999999 17.828171000000001
v -6.466386 4.3358449999999999 17.628073000000001
v -7.7571580000000004 4.8823489999999996 17.807365000000001
v -7.3058839999999998 4.8917130000000002 17.379225000000002
v -6.9903420000000001 4.720834 17.325191
v -7.3058839999999998 4.8917130000000002 17.379225000000002
v -4.4875249999999998 4.249822 18.30331
v -4.8258979999999996 4.3950329999999997 17.719995000000001
v -5.1867369999999999 4.1642279999999996 18.187265
v -4.8258979999999996 4.3950329999999997 17.719995000000001
v -6.9787819999999998 4.4003909999999999 17.776838000000001
v -6.9903420000000001 4.720834 17.325191
v -7.3058839999999998 4.8917130000000002 17.379225000000002
v -6.9903420000000001 4.720834 17.325191
l 1 2 
l 3 4 
l 5 6 
l 7 8 
l 9 10 
l 11 12 
l 13 14 
l 15 16 
l 17 18 
l 19 20 
l 21 22 
l 23 24 
l 25 26 
l 27 28 
l 29 30 
l 31 32 
l 33 34 
l 35 36 
l 37 38 
l 39 40 
l 41 42 
l 43 44 
l 45 46 
l 47 48 
l 49 50 
l 51 52 
l 53 54 
l 55 56 
l 57 58 
l 59 60 
l 61 62 
l 63 64 
l 65 66 
l 67 68 
l 69 70 
l 71 72 
l 73 74 
l 75 76 
l 77 78 
l 79 80 
l 81 82 
l 83 84 
l 85 86 
l 87 88 
l 89 90 
l 91 92 
l 93 94 
l 95 96 
l 97 98 
l 99 100 
l 101 102 
l 103 104 
l 105 106 
l 107 108 
l 109 110 
l 111 112 
l 113 114 
l 115 116 
l 117 118 
l 119 120 
l 121 122 
l 123 124 
l 125 126 
l 127 128 
l 129 130 
l 131 132 
l 133 134 
l 135 136 
l 137 138 
l 139 140 
l 141 142 
l 143 144 
l 145 146 
l 147 148 
l 149 150 
l 151 152 
l 153 154 
l 155 156 
l 157 158 
l 159 160 
l 161 162 
l 163 164 
l 165 166 
l 167 168 
l 169 170 
l 171 172 
l 173 174 
l 175 176 
l 177 178 
l 179 180 
l 181 182 
l 183 184 
l 185 186 
l 187 188 
l 189 190 
l 191 192 
l 193 194 
l 195 196 
l 197 198 
l 199 200 
l 201 202 
l 203 204 
l 205 206 
l 207 208 
l 209 210 
l 211 212 
l 213 214 
l 215 216 
